1,2,3,4,5,6,7,8,9,9_1,10,11,12,13,14,15,16,17,18,19,20
1327.0,432357.0,196629.0,246729.00.0,162.0,253.0,205.0,197.0,133.0,40.0,28.0,23.0,0.0,76.0,48.0,144374.0,81972.0,214446.0,6.0,247934.0,246578.0
4.0,451483.0,207097.0,212528.00.0,58.0,154.0,161.0,31.0,14.0,4.0,1.0,1.0,0.0,4.0,3.0,119665.0,81983.0,244918.0,6.0,256550.0,255002.0
2.0,526578.0,210067.0,219610.00.0,59.0,153.0,160.0,18.0,12.0,3.0,1.0,1.0,0.0,6.0,2.0,113220.0,82243.0,243451.0,6.0,260268.0,259102.0
2.0,482133.0,210755.0,214271.00.0,60.0,153.0,160.0,13.0,8.0,3.0,1.0,0.0,1.0,4.0,2.0,126536.0,81584.0,220109.0,5.0,254725.0,254001.0
2.0,458448.0,212806.0,232998.00.0,59.0,155.0,162.0,11.0,8.0,3.0,1.0,1.0,0.0,5.0,3.0,121709.0,81851.0,238693.0,5.0,254372.0,255972.0
2.0,508815.0,212740.0,214863.00.0,60.0,153.0,160.0,11.0,7.0,2.0,1.0,1.0,0.0,4.0,2.0,135457.0,84204.0,222482.0,8.0,261709.0,265572.0
2.0,575929.0,218487.0,213653.00.0,58.0,154.0,160.0,11.0,7.0,3.0,0.0,1.0,0.0,4.0,2.0,127047.0,80667.0,250560.0,4.0,263262.0,265088.0
2.0,543816.0,222052.0,210960.00.0,78.0,205.0,212.0,15.0,10.0,3.0,1.0,1.0,0.0,4.0,2.0,148858.0,80903.0,240132.0,4.0,262249.0,258186.0
2.0,478686.0,213412.0,212539.00.0,58.0,154.0,160.0,10.0,7.0,3.0,0.0,1.0,0.0,4.0,2.0,112714.0,80874.0,203973.0,5.0,252473.0,264819.0
2.0,563555.0,214219.0,213001.00.0,75.0,153.0,159.0,8.0,6.0,3.0,1.0,0.0,1.0,3.0,2.0,141326.0,84009.0,205562.0,4.0,254067.0,255130.0
2.0,476029.0,212054.0,211875.00.0,70.0,156.0,164.0,8.0,6.0,3.0,1.0,0.0,0.0,4.0,2.0,148901.0,85384.0,241706.0,5.0,256023.0,253854.0
3.0,528788.0,212368.0,214243.00.0,80.0,205.0,219.0,13.0,8.0,3.0,1.0,0.0,1.0,4.0,3.0,119483.0,80758.0,204182.0,4.0,263507.0,259371.0
2.0,491495.0,212508.0,213614.00.0,59.0,153.0,160.0,8.0,7.0,2.0,1.0,0.0,0.0,5.0,2.0,112394.0,80979.0,206781.0,4.0,252804.0,256954.0
3.0,475131.0,214312.0,211470.00.0,61.0,153.0,163.0,8.0,7.0,2.0,1.0,0.0,1.0,3.0,2.0,112571.0,82026.0,237088.0,5.0,256138.0,257957.0
2.0,452376.0,212910.0,211649.00.0,60.0,154.0,160.0,8.0,6.0,3.0,0.0,1.0,0.0,4.0,1.0,113532.0,81002.0,204669.0,4.0,254732.0,254368.0
1.0,464000.0,209993.0,212257.00.0,62.0,157.0,160.0,8.0,6.0,3.0,0.0,1.0,0.0,3.0,2.0,116503.0,82563.0,204403.0,5.0,253968.0,255440.0
2.0,562561.0,217670.0,212686.00.0,57.0,153.0,168.0,8.0,7.0,2.0,1.0,1.0,0.0,4.0,2.0,114164.0,82474.0,229990.0,4.0,253625.0,255663.0
3.0,525368.0,211431.0,213735.00.0,61.0,154.0,160.0,8.0,6.0,2.0,1.0,0.0,0.0,4.0,1.0,127299.0,82634.0,263637.0,6.0,262337.0,256909.0
2.0,535228.0,214557.0,213720.00.0,57.0,155.0,161.0,8.0,6.0,2.0,1.0,0.0,0.0,3.0,2.0,113141.0,81606.0,235922.0,4.0,256942.0,253762.0
2.0,466442.0,212106.0,213126.00.0,60.0,165.0,160.0,8.0,9.0,3.0,1.0,0.0,0.0,4.0,2.0,125968.0,80369.0,204653.0,4.0,251994.0,254899.0
1.0,450261.0,213060.0,213518.00.0,58.0,153.0,160.0,8.0,6.0,2.0,1.0,0.0,1.0,3.0,1.0,113102.0,80140.0,203838.0,7.0,254561.0,260060.0
1.0,475218.0,211969.0,213860.00.0,70.0,153.0,161.0,8.0,6.0,2.0,0.0,1.0,0.0,3.0,2.0,139639.0,84383.0,232316.0,4.0,257610.0,261672.0
2.0,500815.0,210545.0,211457.00.0,59.0,156.0,159.0,8.0,7.0,3.0,0.0,1.0,0.0,4.0,1.0,133006.0,83584.0,223749.0,4.0,257451.0,260537.0
2.0,504886.0,211055.0,212953.00.0,62.0,153.0,161.0,8.0,9.0,4.0,1.0,0.0,1.0,6.0,2.0,114324.0,82826.0,227072.0,5.0,254666.0,260959.0
1.0,521290.0,213499.0,209784.00.0,60.0,153.0,159.0,15.0,8.0,2.0,1.0,0.0,0.0,4.0,1.0,160941.0,84939.0,213689.0,4.0,257537.0,258634.0
1.0,539980.0,214367.0,213140.00.0,60.0,157.0,161.0,8.0,6.0,3.0,1.0,0.0,0.0,4.0,1.0,123194.0,81620.0,237699.0,3.0,256713.0,254146.0
1.0,466747.0,211150.0,217289.00.0,57.0,155.0,172.0,8.0,5.0,2.0,1.0,0.0,1.0,3.0,1.0,117388.0,85058.0,231387.0,4.0,263978.0,266631.0
1.0,547577.0,211408.0,217694.00.0,60.0,153.0,160.0,8.0,5.0,2.0,1.0,0.0,0.0,3.0,2.0,113204.0,81153.0,230586.0,4.0,261540.0,262992.0
2.0,467980.0,211646.0,218397.00.0,57.0,159.0,159.0,8.0,4.0,2.0,1.0,0.0,0.0,3.0,2.0,112571.0,82455.0,218709.0,4.0,260316.0,261727.0
2.0,476015.0,220964.0,213979.00.0,61.0,152.0,159.0,8.0,4.0,2.0,1.0,0.0,0.0,3.0,1.0,119497.0,85082.0,215951.0,7.0,252839.0,256731.0
2.0,451144.0,210716.0,214232.00.0,56.0,167.0,161.0,8.0,5.0,2.0,1.0,0.0,0.0,4.0,1.0,125824.0,80652.0,229694.0,4.0,260700.0,256772.0
1.0,480471.0,214487.0,215026.00.0,68.0,152.0,159.0,8.0,4.0,2.0,1.0,0.0,0.0,4.0,1.0,151172.0,81539.0,208142.0,5.0,253102.0,256648.0
2.0,491253.0,215467.0,215539.00.0,57.0,154.0,160.0,8.0,4.0,3.0,1.0,1.0,0.0,4.0,2.0,112703.0,80554.0,216726.0,4.0,252521.0,257459.0
1.0,582271.0,216640.0,216487.00.0,60.0,153.0,159.0,8.0,4.0,2.0,1.0,1.0,0.0,3.0,1.0,136337.0,80917.0,203337.0,5.0,260043.0,258672.0
1.0,574842.0,210804.0,213320.00.0,68.0,152.0,159.0,11.0,7.0,2.0,0.0,1.0,0.0,4.0,1.0,113281.0,80466.0,217752.0,5.0,258393.0,259458.0
1.0,466726.0,210201.0,214936.00.0,78.0,208.0,197.0,8.0,8.0,3.0,1.0,0.0,0.0,7.0,1.0,123638.0,80940.0,203430.0,4.0,253306.0,255732.0
1.0,470542.0,211012.0,214409.00.0,57.0,153.0,158.0,9.0,4.0,3.0,0.0,1.0,0.0,7.0,1.0,139557.0,81821.0,204695.0,3.0,252794.0,254346.0
1.0,452451.0,211547.0,215746.00.0,59.0,156.0,165.0,7.0,5.0,2.0,0.0,0.0,0.0,4.0,1.0,111899.0,81877.0,220693.0,4.0,254873.0,256299.0
1.0,466229.0,211653.0,214736.00.0,56.0,153.0,166.0,10.0,4.0,2.0,1.0,0.0,0.0,3.0,1.0,112314.0,80435.0,204706.0,4.0,261093.0,260294.0
2.0,513882.0,210824.0,214268.00.0,62.0,154.0,158.0,8.0,5.0,2.0,0.0,1.0,0.0,3.0,1.0,112400.0,80959.0,216101.0,5.0,254139.0,253402.0
2.0,493826.0,219059.0,214544.00.0,58.0,155.0,159.0,7.0,5.0,2.0,0.0,0.0,1.0,3.0,1.0,115537.0,80578.0,203622.0,7.0,265398.0,263914.0
1.0,464289.0,213803.0,214230.00.0,62.0,179.0,165.0,7.0,4.0,2.0,1.0,0.0,0.0,3.0,2.0,125841.0,81192.0,218345.0,5.0,257134.0,263323.0
1.0,470390.0,212280.0,214469.00.0,69.0,152.0,161.0,17.0,4.0,2.0,1.0,0.0,0.0,4.0,2.0,113689.0,81835.0,216436.0,4.0,254754.0,262242.0
2.0,452239.0,210572.0,214353.00.0,59.0,152.0,162.0,8.0,4.0,2.0,1.0,0.0,0.0,3.0,2.0,113402.0,80696.0,204131.0,6.0,254935.0,259582.0
1.0,468342.0,214809.0,213530.00.0,56.0,152.0,160.0,7.0,4.0,2.0,0.0,0.0,1.0,3.0,1.0,113631.0,81209.0,224384.0,4.0,254554.0,253766.0
1.0,568296.0,211802.0,230104.00.0,59.0,153.0,166.0,10.0,7.0,3.0,1.0,0.0,0.0,6.0,2.0,124600.0,80665.0,205533.0,4.0,255893.0,257426.0
1.0,473140.0,213696.0,213928.00.0,58.0,156.0,160.0,8.0,3.0,2.0,1.0,0.0,0.0,3.0,1.0,116450.0,84324.0,270812.0,5.0,258623.0,262552.0
1.0,615288.0,212911.0,214969.00.0,60.0,152.0,159.0,7.0,4.0,2.0,1.0,0.0,0.0,3.0,1.0,130746.0,85315.0,226272.0,5.0,259279.0,257937.0
1.0,464896.0,210814.0,214435.00.0,58.0,154.0,159.0,8.0,4.0,2.0,0.0,1.0,0.0,3.0,1.0,150110.0,82947.0,254281.0,5.0,258760.0,253235.0
1.0,464677.0,210083.0,214280.00.0,58.0,153.0,158.0,7.0,4.0,2.0,1.0,0.0,0.0,3.0,1.0,113280.0,82613.0,206038.0,3.0,254074.0,255185.0
